600103
600107
600114
600137
600152
600169
600193
600202
600203
600210
600215
600212
600218
600232
600235
600234
600241
600243
600261
600262
600293
600302
600308
600320
600326
600337
600336
600343
600356
600388
600397
600400
600405
600425
600421
600438
600433
600439
600448
600444
600449
600478
600481
600493
600501
600499
600520
600526
600537
600545
600558
600560
600567
600579
600577
600586
600592
600615
600612
600619
600630
600678
600668
600724
600732
600734
600735
600745
600761
600793
600783
600802
600815
600819
600817
600835
600843
600839
600847
600854
600860
600876
600916
600894
600966
600963
600980
600987
600984
600983
601002
600992
601012
601038
601106
601177
601218
601311
601339
601369
601399
601515
601566
601599
601608
601636
601727
601778
601718
601798
601882
601865
601886
601956
601968
603001
601992
603008
603011
603012
603015
603022
603030
603028
603029
603021
603031
603032
603036
603038
603058
603059
603075
603073
603081
603082
603076
603088
603091
603090
603098
603100
603095
603109
603092
603116
603112
603130
603131
603105
603135
603126
603137
603169
603165
603173
603180
603185
603187
603196
603203
603208
603194
603215
603216
603221
603219
603218
603226
603248
603238
603272
603269
603270
603277
603278
603275
603273
603279
603280
603282
603289
603284
603283
603311
603315
603307
603313
603308
603326
603321
603325
603327
603331
603338
603337
603339
603355
603356
603365
603366
603370
603391
603398
603396
603385
603400
603429
603499
603486
603511
603507
603515
603519
603518
603551
603557
603558
603556
603578
603579
603587
603600
603608
603607
603610
603611
603616
603617
603628
603638
603656
603662
603626
603661
603667
603665
603677
603666
603685
603687
603690
603699
603700
603709
603726
603725
603733
603757
603778
603789
603801
603806
603800
603808
603828
603816
603833
603838
603839
603855
603848
603863
603868
603856
603818
603877
603889
603900
603901
603895
603908
603915
603898
603899
603912
603956
603958
603959
603960
603969
603966
603985
603992
605003
605009
605007
605056
605060
605055
605080
605086
605100
605099
605122
605155
605138
605158
605180
605189
605186
605268
605259
605286
605287
605299
605305
605318
605336
605365
605378
605377
605389
605500
605555
605599
688001
688003
688006
688007
688017
688021
688022
688028
688037
688059
688057
688056
688092
688090
688084
688096
688097
688112
688113
688115
688119
688125
688121
688128
688165
688160
688169
688211
688218
688223
688231
688255
688257
688290
688303
688305
688308
688309
688312
688320
688328
688337
688335
688345
688349
688355
688361
688360
688368
688377
688379
688376
688383
688392
688390
688400
688411
688419
688420
688448
688455
688485
688475
688480
688499
688501
688518
688529
688516
688528
688551
688557
688558
688559
688556
688531
688560
688565
688567
688577
688583
688596
688597
688600
688610
688616
688622
688623
688628
688630
688633
688646
688648
688660
688638
688671
688659
688680
688678
688686
688697
688696
688700
688698
688701
688718
688729
688755
688772
688768
688793
688808
688813
688818
688819
000012
000025
000026
000017
000016
000049
000055
000401
000404
000410
000488
000521
000530
000528
000541
000551
000570
000576
000591
000619
000659
000672
000680
000726
000777
000789
000809
000811
000812
000816
000821
000837
000852
000856
000850
000877
000880
000890
000910
000955
001209
001211
001212
001222
001216
001221
001226
001223
001225
001237
001234
001238
001266
001239
001268
001259
001256
001277
001283
001279
001308
001300
001306
001288
001312
001322
001323
001336
001360
001332
001326
001386
001395
001390
001379
001400
002006
002009
002003
002012
002011
002014
002021
002031
002029
002035
002026
002042
002043
002053
002052
002047
002067
002066
002046
002073
002081
002084
002088
002083
002098
002103
002097
002108
002117
002111
002122
002129
002132
002150
002144
002154
002158
002163
002162
002164
002175
002193
002191
002204
002209
002218
002228
002229
002227
002225
002235
002233
002242
002243
002248
002247
002255
002271
002272
002269
002278
002282
002293
002297
002290
002302
002303
002301
002333
002337
002338
002335
002327
002340
002342
002345
002347
002348
002351
002356
002366
002367
002372
002364
002374
002375
002392
002394
002397
002398
002404
002403
002418
002426
002416
002429
002438
002445
002457
002459
002487
002482
002483
002486
002494
002489
002506
002511
002516
002508
002514
002521
002490
002527
002523
002518
002526
002534
002530
002531
002535
002520
002543
002529
002552
002563
002569
002571
002565
002572
002577
002580
002559
002585
002574
002596
002598
002599
002614
002612
002611
002616
002613
002615
002623
002620
002631
002630
002633
002634
002639
002641
002651
002652
002656
002658
002671
002674
002668
002677
002681
002678
002685
002686
002689
002687
002691
002690
002694
002698
002701
002705
002718
002721
002713
002722
002730
002723
002735
002724
002733
002747
002752
002757
002762
002767
002763
002779
002760
002780
002774
002786
002787
002789
002790
002791
002795
002799
002798
002816
002825
002831
002830
002833
002836
002837
002846
002832
002843
002850
002848
002849
002856
002857
002853
002861
002862
002865
002867
002860
002871
002875
002881
002877
002884
002890
002888
002896
002899
002903
002922
002918
002925
002931
002943
002951
002957
002960
002963
002969
002959
002975
002976
002979
002980
002989
003006
003003
003012
003018
003021
003023
003025
003011
003016
003033
003036
003043
003037
300005
003041
300004
300007
300022
300024
300029
300034
300048
300051
300056
300066
300068
300083
300084
300080
300092
300091
300095
300097
300099
300103
300105
300112
300118
300126
300129
300145
300151
300137
300154
300161
300157
300160
300159
300153
300163
300165
300173
300193
300185
300195
300203
300210
300198
300217
300228
300247
300257
300259
300260
300272
300281
300278
300276
300293
300307
300306
300316
300317
300328
300329
300342
300349
300345
300354
300371
300376
300374
300385
300382
300393
300400
300402
300412
300403
300411
300410
300417
300420
300421
300430
300415
300438
300443
300441
300445
300457
300450
300470
300471
300472
300461
300480
300491
300488
300499
300486
300503
300501
300512
300509
300515
300521
300540
300553
300554
300549
300557
300567
300569
300572
300577
300593
300591
300599
300606
300607
300619
300621
300616
300640
300648
300651
300658
300669
300690
300703
300693
300713
300716
300715
300700
300729
300720
300749
300751
300756
300757
300718
300737
300780
300786
300800
300808
300809
300813
300816
300824
300818
300817
300828
300827
300822
300837
300833
300836
300840
300819
300823
300857
300861
300853
300865
300862
300877
300850
300879
300882
300883
300880
300885
300894
300897
300899
300888
300902
300907
300911
300912
300918
300919
300904
300931
300946
300943
300950
300945
300952
300956
300953
300963
300971
300982
300984
300985
300988
300990
300992
301004
301006
301009
301010
301013
301018
301016
301020
301028
301030
301029
301032
301022
301040
301011
301042
301055
301056
301053
301062
301063
301066
301061
301070
301079
301081
301083
301086
301088
301101
301105
301112
301113
301107
301121
301123
301125
301128
301129
301138
301137
301151
301158
301160
301161
301163
301177
301186
301188
301187
301189
301199
301200
301197
301202
301222
301223
301227
301232
301255
301252
301260
301261
301266
301268
301273
301278
301276
301279
301272
301288
301287
301296
301303
301309
301312
301317
301326
301335
301336
301332
301338
301355
301353
301325
301362
301365
301368
301360
301377
301376
301383
301387
301392
301413
301418
301399
301446
301468
301448
301486
301491
301501
301456
301469
301513
301510
301516
301522
301548
301533
301528
301559
301575
301587
301596
301599
301601
301603
301602
301606
301616
301633
301662
